1000
0 1 49
0 2 62
0 3 93
0 4 135
0 5 176
0 6 220
0 7 254
0 8 293
0 9 299
0 10 346
0 11 396
0 12 432
0 13 465
0 14 497
0 15 512
0 16 555
0 17 563
0 18 589
0 19 613
0 20 661
0 21 666
0 22 669
0 23 679
0 24 680
0 25 700
0 26 704
0 27 711
0 28 720
0 29 742
0 30 753
0 31 765
0 32 781
0 33 794
0 34 808
0 35 825
0 36 831
0 37 859
0 38 916
0 39 934
0 40 953
0 41 968
0 42 989
0 43 997
0 44 1020
0 45 1044
0 46 1069
0 47 1074
0 48 1100
0 49 1110
0 50 1137
0 51 1157
0 52 1186
0 53 1216
0 54 1249
0 55 1271
0 56 1314
0 57 1392
0 58 1423
0 59 1455
0 60 1496
0 61 1507
0 62 1520
0 63 1536
0 64 1592
0 65 1620
0 66 1657
0 67 1697
0 68 1712
0 69 1747
0 70 1765
0 71 1803
0 72 1824
0 73 1847
0 74 1871
0 75 1941
0 76 1975
0 77 2001
0 78 2046
0 79 2073
0 80 2175
0 81 2204
0 82 2237
0 83 2273
0 84 2381
0 85 2412
0 86 2444
0 87 2483
0 88 2524
0 89 2566
0 90 2612
0 91 2690
0 92 2740
0 93 2796
0 94 2840
0 95 2887
0 96 2935
0 97 3087
0 98 3191
0 99 3275
0 100 3339
0 101 3407
0 102 3460
0 103 3518
0 104 3654
0 105 3714
0 106 3775
0 107 3842
0 108 3948
0 109 4019
0 110 4082
0 111 4155
0 112 4235
0 113 4323
0 114 4431
0 115 4521
0 116 4618
0 117 4732
0 118 4880
0 119 5023
0 120 5141
0 121 5339
0 122 5472
0 123 5583
0 124 5704
0 125 5821
0 126 5934
0 127 6095
0 128 6219
0 129 6342
0 130 6473
0 131 6729
0 132 6859
0 133 6993
0 134 7129
0 135 7351
0 136 7504
0 137 7689
0 138 7867
0 139 8100
0 140 8303
0 141 8511
0 142 8743
0 143 8977
0 144 9222
0 145 9446
0 146 9683
0 147 9911
0 148 10185
0 149 10429
0 150 10659
0 151 10895
0 152 11171
0 153 11438
0 154 11691
0 155 12089
0 156 12353
0 157 12619
0 158 12975
0 159 13264
0 160 13661
0 161 14322
0 162 14758
0 163 15139
0 164 15550
0 165 15990
0 166 16599
0 167 17051
0 168 17509
0 169 18034
0 170 18923
0 171 19419
0 172 19883
0 173 20549
0 174 21015
0 175 21580
0 176 22080
0 177 22597
0 178 23117
0 179 23636
0 180 24166
0 181 24719
0 182 25421
0 183 26107
0 184 27000
0 185 27792
0 186 28686
0 187 29643
0 188 30775
0 189 31626
0 190 32518
0 191 33971
0 192 34953
0 193 36431
0 194 37840
0 195 38825
0 196 39755
0 197 40719
0 198 42141
0 199 43107
0 200 44124
0 201 45143
0 202 46179
0 203 47400
0 204 49218
0 205 50450
0 206 51689
0 207 53742
0 208 55279
0 209 56922
0 210 58606
0 211 60518
0 212 62261
0 213 64042
0 214 65857
0 215 67679
0 216 69573
0 217 71822
0 218 73769
0 219 76834
0 220 78730
0 221 80660
0 222 82696
0 223 85156
0 224 87935
0 225 90858
0 226 93329
0 227 97842
0 228 100295
0 229 103064
0 230 105946
0 231 108966
0 232 112556
0 233 115983
0 234 121001
0 235 124729
0 236 128253
0 237 131811
0 238 135407
0 239 140331
0 240 144297
0 241 148996
0 242 153716
0 243 161939
0 244 166857
0 245 178808
0 246 184851
0 247 189347
0 248 194260
0 249 199492
0 250 207639
0 251 212861
0 252 218196
0 253 226667
0 254 232318
0 255 240372
0 256 246819
0 257 253770
0 258 268688
0 259 275770
0 260 289168
0 261 299313
0 262 307775
0 263 315337
0 264 324751
0 265 333416
0 266 342611
0 267 352249
0 268 362399
0 269 371808
0 270 381526
0 271 391254
0 272 401085
0 273 411652
0 274 422106
0 275 432663
0 276 443536
0 277 454522
0 278 470555
0 279 482653
0 280 501795
0 281 518995
0 282 535019
0 283 552879
0 284 567523
0 285 586439
0 286 602666
0 287 619423
0 288 645287
0 289 663361
0 290 682910
0 291 701743
0 292 720790
0 293 740349
0 294 759476
0 295 779761
0 296 809244
0 297 830674
0 298 851685
0 299 880540
0 300 935259
0 301 971577
0 302 1003224
0 303 1034238
0 304 1085027
0 305 1136326
0 306 1173313
0 307 1203981
0 308 1235382
0 309 1270442
0 310 1303426
0 311 1337727
0 312 1372558
0 313 1409465
0 314 1446586
0 315 1484466
0 316 1541179
0 317 1579353
0 318 1620342
0 319 1702145
0 320 1743441
0 321 1785882
0 322 1835748
0 323 1905275
0 324 1968323
0 325 2030005
0 326 2092420
0 327 2155081
0 328 2220580
0 329 2282649
0 330 2346301
0 331 2412003
0 332 2476388
0 333 2543673
0 334 2613778
0 335 2692195
0 336 2761327
0 337 2833065
0 338 2927658
0 339 3002659
0 340 3078713
0 341 3178956
0 342 3310749
0 343 3394179
0 344 3499860
0 345 3583597
0 346 3687720
0 347 3799268
0 348 3941554
0 349 4069671
0 350 4193422
0 351 4335491
0 352 4460221
0 353 4585942
0 354 4712396
0 355 4842483
0 356 4974153
0 357 5169642
0 358 5306059
0 359 5445296
0 360 5662583
0 361 5833230
0 362 5988398
0 363 6139453
0 364 6297884
0 365 6558052
0 366 6725219
0 367 6936766
0 368 7124319
0 369 7312179
0 370 7570303
0 371 7804513
0 372 8040791
0 373 8289272
0 374 8538744
0 375 8842328
0 376 9092779
0 377 9378034
0 378 9630209
0 379 9917047
0 380 10183551
0 381 10451638
0 382 10926336
0 383 11221184
0 384 11550262
0 385 11856485
0 386 12275827
0 387 12594049
0 388 12903535
0 389 13282249
0 390 13817955
0 391 14172675
0 392 14548088
0 393 14969851
0 394 15391921
0 395 15862409
0 396 16381874
0 397 16866633
0 398 17364586
0 399 17916345
0 400 18455358
0 401 18972313
0 402 19548303
0 403 20082894
0 404 20732462
0 405 21687166
0 406 22264739
0 407 22865810
0 408 23470144
0 409 24085853
0 410 24710298
0 411 25443732
0 412 26071440
0 413 26735646
0 414 27575125
0 415 28551609
0 416 29328092
0 417 30125268
0 418 31216040
0 419 32108598
0 420 33440365
0 421 34585028
0 422 35567740
0 423 36582648
0 424 37798613
0 425 39202804
0 426 40537309
0 427 41647890
0 428 43028707
0 429 44207351
0 430 45389258
0 431 47735933
0 432 49539022
0 433 50759065
0 434 52332724
0 435 53584877
0 436 54876791
0 437 57460711
0 438 59076673
0 439 60963737
0 440 63156186
0 441 65506328
0 442 67196062
0 443 70143814
0 444 72019084
0 445 74178655
0 446 76176275
0 447 79479305
0 448 81604794
0 449 83894019
0 450 87185274
0 451 91780218
0 452 94072706
0 453 97200129
0 454 99560680
0 455 103794419
0 456 106620231
0 457 110666086
0 458 113178043
0 459 119701007
0 460 122245074
0 461 125152950
0 462 128458646
0 463 133128202
0 464 142954196
0 465 146519200
0 466 150206554
0 467 154021777
0 468 158311885
0 469 162184775
0 470 166307884
0 471 170957660
0 472 175372374
0 473 179790351
0 474 186425417
0 475 191078456
0 476 195950964
0 477 206401253
0 478 211305871
0 479 216361895
0 480 221699664
0 481 227069543
0 482 232521486
0 483 237941319
0 484 243791082
0 485 249900153
0 486 257098137
0 487 264276723
0 488 272897751
0 489 284199446
0 490 291451804
0 491 299977733
0 492 308973350
0 493 317750858
0 494 325746857
0 495 334284680
0 496 346355172
0 497 355187863
0 498 371804890
0 499 381330437
0 500 393162062
0 501 403486513
1 501 403486494
2 501 403486464
3 501 403486451
4 501 403486420
5 501 403486378
6 501 403486337
7 501 403486293
8 501 403486259
9 501 403486220
10 501 403486214
11 501 403486167
12 501 403486117
13 501 403486081
14 501 403486048
15 501 403486016
16 501 403486001
17 501 403485958
18 501 403485950
19 501 403485924
20 501 403485900
21 501 403485852
22 501 403485847
23 501 403485844
24 501 403485834
25 501 403485833
26 501 403485813
27 501 403485809
28 501 403485802
29 501 403485793
30 501 403485771
31 501 403485760
32 501 403485748
33 501 403485732
34 501 403485719
35 501 403485705
36 501 403485688
37 501 403485682
38 501 403485654
39 501 403485597
40 501 403485579
41 501 403485560
42 501 403485545
43 501 403485524
44 501 403485516
45 501 403485493
46 501 403485469
47 501 403485444
48 501 403485439
49 501 403485413
50 501 403485403
51 501 403485376
52 501 403485356
53 501 403485327
54 501 403485297
55 501 403485264
56 501 403485242
57 501 403485199
58 501 403485121
59 501 403485090
60 501 403485058
61 501 403485017
62 501 403485006
63 501 403484993
64 501 403484977
65 501 403484921
66 501 403484893
67 501 403484856
68 501 403484816
69 501 403484801
70 501 403484766
71 501 403484748
72 501 403484710
73 501 403484689
74 501 403484666
75 501 403484642
76 501 403484572
77 501 403484538
78 501 403484512
79 501 403484467
80 501 403484440
81 501 403484338
82 501 403484309
83 501 403484276
84 501 403484240
85 501 403484132
86 501 403484101
87 501 403484069
88 501 403484030
89 501 403483989
90 501 403483947
91 501 403483901
92 501 403483823
93 501 403483773
94 501 403483717
95 501 403483673
96 501 403483626
97 501 403483578
98 501 403483426
99 501 403483322
100 501 403483238
101 501 403483174
102 501 403483106
103 501 403483053
104 501 403482995
105 501 403482859
106 501 403482799
107 501 403482738
108 501 403482671
109 501 403482565
110 501 403482494
111 501 403482431
112 501 403482358
113 501 403482278
114 501 403482190
115 501 403482082
116 501 403481992
117 501 403481895
118 501 403481781
119 501 403481633
120 501 403481490
121 501 403481372
122 501 403481174
123 501 403481041
124 501 403480930
125 501 403480809
126 501 403480692
127 501 403480579
128 501 403480418
129 501 403480294
130 501 403480171
131 501 403480040
132 501 403479784
133 501 403479654
134 501 403479520
135 501 403479384
136 501 403479162
137 501 403479009
138 501 403478824
139 501 403478646
140 501 403478413
141 501 403478210
142 501 403478002
143 501 403477770
144 501 403477536
145 501 403477291
146 501 403477067
147 501 403476830
148 501 403476602
149 501 403476328
150 501 403476084
151 501 403475854
152 501 403475618
153 501 403475342
154 501 403475075
155 501 403474822
156 501 403474424
157 501 403474160
158 501 403473894
159 501 403473538
160 501 403473249
161 501 403472852
162 501 403472191
163 501 403471755
164 501 403471374
165 501 403470963
166 501 403470523
167 501 403469914
168 501 403469462
169 501 403469004
170 501 403468479
171 501 403467590
172 501 403467094
173 501 403466630
174 501 403465964
175 501 403465498
176 501 403464933
177 501 403464433
178 501 403463916
179 501 403463396
180 501 403462877
181 501 403462347
182 501 403461794
183 501 403461092
184 501 403460406
185 501 403459513
186 501 403458721
187 501 403457827
188 501 403456870
189 501 403455738
190 501 403454887
191 501 403453995
192 501 403452542
193 501 403451560
194 501 403450082
195 501 403448673
196 501 403447688
197 501 403446758
198 501 403445794
199 501 403444372
200 501 403443406
201 501 403442389
202 501 403441370
203 501 403440334
204 501 403439113
205 501 403437295
206 501 403436063
207 501 403434824
208 501 403432771
209 501 403431234
210 501 403429591
211 501 403427907
212 501 403425995
213 501 403424252
214 501 403422471
215 501 403420656
216 501 403418834
217 501 403416940
218 501 403414691
219 501 403412744
220 501 403409679
221 501 403407783
222 501 403405853
223 501 403403817
224 501 403401357
225 501 403398578
226 501 403395655
227 501 403393184
228 501 403388671
229 501 403386218
230 501 403383449
231 501 403380567
232 501 403377547
233 501 403373957
234 501 403370530
235 501 403365512
236 501 403361784
237 501 403358260
238 501 403354702
239 501 403351106
240 501 403346182
241 501 403342216
242 501 403337517
243 501 403332797
244 501 403324574
245 501 403319656
246 501 403307705
247 501 403301662
248 501 403297166
249 501 403292253
250 501 403287021
251 501 403278874
252 501 403273652
253 501 403268317
254 501 403259846
255 501 403254195
256 501 403246141
257 501 403239694
258 501 403232743
259 501 403217825
260 501 403210743
261 501 403197345
262 501 403187200
263 501 403178738
264 501 403171176
265 501 403161762
266 501 403153097
267 501 403143902
268 501 403134264
269 501 403124114
270 501 403114705
271 501 403104987
272 501 403095259
273 501 403085428
274 501 403074861
275 501 403064407
276 501 403053850
277 501 403042977
278 501 403031991
279 501 403015958
280 501 403003860
281 501 402984718
282 501 402967518
283 501 402951494
284 501 402933634
285 501 402918990
286 501 402900074
287 501 402883847
288 501 402867090
289 501 402841226
290 501 402823152
291 501 402803603
292 501 402784770
293 501 402765723
294 501 402746164
295 501 402727037
296 501 402706752
297 501 402677269
298 501 402655839
299 501 402634828
300 501 402605973
301 501 402551254
302 501 402514936
303 501 402483289
304 501 402452275
305 501 402401486
306 501 402350187
307 501 402313200
308 501 402282532
309 501 402251131
310 501 402216071
311 501 402183087
312 501 402148786
313 501 402113955
314 501 402077048
315 501 402039927
316 501 402002047
317 501 401945334
318 501 401907160
319 501 401866171
320 501 401784368
321 501 401743072
322 501 401700631
323 501 401650765
324 501 401581238
325 501 401518190
326 501 401456508
327 501 401394093
328 501 401331432
329 501 401265933
330 501 401203864
331 501 401140212
332 501 401074510
333 501 401010125
334 501 400942840
335 501 400872735
336 501 400794318
337 501 400725186
338 501 400653448
339 501 400558855
340 501 400483854
341 501 400407800
342 501 400307557
343 501 400175764
344 501 400092334
345 501 399986653
346 501 399902916
347 501 399798793
348 501 399687245
349 501 399544959
350 501 399416842
351 501 399293091
352 501 399151022
353 501 399026292
354 501 398900571
355 501 398774117
356 501 398644030
357 501 398512360
358 501 398316871
359 501 398180454
360 501 398041217
361 501 397823930
362 501 397653283
363 501 397498115
364 501 397347060
365 501 397188629
366 501 396928461
367 501 396761294
368 501 396549747
369 501 396362194
370 501 396174334
371 501 395916210
372 501 395682000
373 501 395445722
374 501 395197241
375 501 394947769
376 501 394644185
377 501 394393734
378 501 394108479
379 501 393856304
379 502 403816946
380 502 403530108
381 502 403263604
382 502 402995517
383 502 402520819
384 502 402225971
385 502 401896893
386 502 401590670
387 502 401171328
388 502 400853106
389 502 400543620
390 502 400164906
391 502 399629200
392 502 399274480
393 502 398899067
394 502 398477304
395 502 398055234
396 502 397584746
397 502 397065281
398 502 396580522
399 502 396082569
400 502 395530810
401 502 394991797
402 502 394474842
403 502 393898852
403 503 416624950
404 503 416090359
405 503 415440791
406 503 414486087
407 503 413908514
408 503 413307443
409 503 412703109
410 503 412087400
411 503 411462955
412 503 410729521
413 503 410101813
414 503 409437607
415 503 408598128
416 503 407621644
417 503 406845161
418 503 406047985
419 503 404957213
420 503 404064655
421 503 402732888
422 503 401588225
423 503 400605513
424 503 399590605
425 503 398374640
426 503 396970449
427 503 395635944
428 503 394525363
429 503 393144546
429 504 403538339
430 504 402359695
431 504 401177788
432 504 398831113
433 504 397028024
434 504 395807981
435 504 394234322
436 504 392982169
436 505 407429729
437 505 406137815
438 505 403553895
439 505 401937933
440 505 400050869
441 505 397858420
442 505 395508278
443 505 393818544
443 506 404608256
444 506 401660504
445 506 399785234
446 506 397625663
447 506 395628043
448 506 392325013
448 507 403196789
449 507 401071300
450 507 398782075
451 507 395490820
452 507 390895876
452 508 407398740
453 508 405106252
454 508 401978829
455 508 399618278
456 508 395384539
457 508 392558727
457 509 404517561
458 509 400471706
459 509 397959749
460 509 391436785
460 510 404798214
461 510 402254147
462 510 399346271
463 510 396040575
464 510 391371019
464 511 407244405
465 511 397418411
466 511 393853407
466 512 411430216
467 512 407742862
468 512 403927639
469 512 399637531
470 512 395764641
471 512 391641532
471 513 408163460
472 513 403513684
473 513 399098970
474 513 394680993
475 513 388045927
475 514 403294284
476 514 398641245
477 514 393768737
477 515 409547024
478 515 399096735
479 515 394192117
480 515 389136093
480 516 405669915
481 516 400332146
482 516 394962267
483 516 389510324
483 517 406825655
484 517 401405822
485 517 395556059
486 517 389446988
486 518 406220495
487 518 399022511
488 518 391843925
488 519 408672615
489 519 400051587
490 519 388749892
490 520 409414208
491 520 402161850
492 520 393635921
492 521 411994159
493 521 402998542
494 521 394221034
495 521 386225035
495 522 405018368
496 522 396480545
497 522 384410053
497 523 403896242
498 523 395063551
499 523 378446524
499 524 403218535
500 524 393692988
500 525 413978081
501 525 402146456
502 525 391822005
502 526 422431549
503 526 412470907
504 526 389744809
504 527 410099244
505 527 399705451
506 527 385257891
506 528 406441396
507 528 395651684
508 528 384779908
508 529 406045477
509 529 389542613
509 530 432110991
510 530 420152157
511 530 406790728
512 530 390917342
512 531 418480561
513 531 400903752
514 531 384381824
514 532 411589015
515 532 396340658
516 532 380562371
516 533 410445728
517 533 393911906
517 533 393911906
