16
20
11
0
7
18
1
0
5
0
2
0
2
2
1
10
0
5
9
0
3
0
2
9
5
7
20
23
0
7
4
0
3
12
0
3
3
1
23
11
39
0
7
13
0
3
9
23
9
2
27
0
7
10
38
0
4
26
0
3
14
0
3
3
1
27
15
0
6
0
2
21
0
3
10
21
4
20
51
0
7
28
0
3
10
10
1
22
0
6
21
15
25
0
5
70
0
3
14
38
45
0
5
8
0
3
8
3
2
38
10
25
19
0
9
66
0
3
10
8
13
77
0
6
34
0
3
9
13
8
10
12
98
0
8
5
33
0
4
62
0
3
15
51
65
0
5
11
108
0
4
12
20
75
0
5
9
29
0
4
9
4
2
54
0
6
42
0
3
27
104
0
4
11
26
117
0
5
22
91
0
4
9
22
5
7
105
0
7
3
21
100
0
5
9
12
44
0
5
5
1
114
0
5
4
23
158
0
5
5
1
10
81
0
6
49
0
3
28
137
0
4
17
0
3
7
37
0
4
7
4
2
69
0
6
20
83
0
4
8
105
54
78
0
6
10
34
122
0
5
40
0
3
28
35
0
4
18
256
0
4
4
1
52
0
5
16
260
0
4
8
31
0
4
4
1
13
148
0
6
35
26
107
0
5
19
173
0
4
14
191
0
4
4
1
19
10
51
154
0
8
30
0
3
51
7
76
0
5
24
0
3
8
12
118
0
5
8
5
2
88
0
6
43
0
3
14
37
101
0
5
12
18
75
180
0
6
14
11
165
0
5
11
4
50
0
5
5
1
54
108
202
0
7
48
0
3
31
86
0
4
17
139
0
4
4
1
18
35
88
49
155
0
9
179
0
3
20
142
0
4
15
239
0
4
4
1
20
10
92
0
7
38
283
0
4
10
8
80
0
5
53
0
3
27
235
0
4
12
77
288
0
5
12
5
2
96
0
6
82
0
3
18
55
0
4
18
4
2
13
153
0
7
41
0
3
14
99
0
4
12
27
37
115
0
6
27
5
33
312
0
6
6
1
67
0
5
9
84
0
4
21
271
0
4
4
1
13
38
76
163
0
8
75
140
0
4
11
135
0
4
4
1
16
217
0
6
34
241
0
4
9
34
5
37
52
232
0
8
26
218
0
4
12
63
0
4
4
1
26
10
114
310
0
8
16
32
0
4
11
42
354
0
5
30
223
0
4
9
37
35
162
0
6
47
0
3
101
209
0
4
13
74
0
4
4
1
38
79
0
6
17
190
0
4
9
27
110
0
5
36
0
3
26
54
215
0
5
8
54
5
3
9
17
22
391
0
10
67
124
0
4
27
26
20
197
0
6
37
59
0
4
10
15
212
0
5
26
14
162
68
0
6
15
10
12
102
0
6
6
1
64
0
5
17
41
182
0
5
5
1
10
17
8
55
201
0
9
55
4
38
83
395
0
7
202
284
0
4
9
12
35
111
0
6
35
4
8
24
339
0
7
17
30
129
0
5
37
69
426
0
5
5
1
43
341
0
6
23
463
0
4
25
561
0
4
4
1
14
80
281
0
7
31
326
0
4
10
66
573
0
5
29
535
0
4
9
57
0
4
4
1
24
54
134
0
7
24
5
17
57
13
170
0
8
67
137
497
0
5
11
201
96
306
0
6
58
0
3
157
0
3
3
1
32
218
235
331
0
8
25
68
141
0
5
25
5
2
319
0
6
25
6
2
6
2
2
1
24
51
455
0
12
122
516
0
4
66
79
220
0
5
25
21
312
325
0
6
23
110
222
0
5
11
63
280
0
5
5
1
32
56
0
6
16
279
0
4
31
115
356
0
5
14
125
0
4
9
111
166
0
5
9
5
2
58
89
0
7
112
0
3
89
6
30
171
0
6
4
22
255
0
5
19
538
0
4
8
98
706
0
5
9
30
19
11
62
707
0
8
12
88
482
0
5
13
144
0
4
22
30
17
152
0
6
37
208
0
4
10
182
254
0
5
19
30
15
273
0
6
15
4
13
27
301
0
7
68
146
0
4
9
49
522
0
5
22
37
32
108
549
0
7
16
109
0
4
16
4
2
95
0
6
33
465
0
4
8
68
31
121
0
6
10
54
221
0
5
32
30
54
6
9
41
318
0
9
4
21
165
600
0
6
11
98
106
0
5
20
364
0
4
14
149
0
4
4
1
168
0
5
13
79
194
0
5
5
1
10
45
869
0
7
70
878
0
4
20
29
286
0
5
15
102
377
0
5
5
1
21
51
231
0
7
21
5
8
79
35
353
0
8
5
7
10
36
445
0
7
5
7
2
102
29
35
16
108
117
842
0
12
170
309
0
4
48
671
0
4
4
1
42
511
0
6
92
646
0
4
9
103
0
4
4
1
14
93
0
6
14
4
7
41
119
0
7
4
6
9
19
185
0
7
7
1
20
88
215
502
0
8
69
413
0
4
18
649
0
4
4
1
16
66
315
0
7
22
190
535
395
457
0
7
7
1
14
46
0
6
41
47
566
0
5
94
0
3
285
0
3
3
1
17
251
0
6
17
4
38
488
0
6
6
1
12
104
955
0
7
35
115
331
394
0
6
12
11
193
0
5
36
135
663
0
5
5
1
23
369
0
6
16
70
179
779
0
6
6
1
12
24
402
0
7
35
35
1
8
97
0
7
7
1
6
16
23
28
923
0
9
121
260
914
0
5
39
1145
0
4
71
0
3
81
980
0
4
7
25
425
0
5
16
27
319
455
444
0
7
11
72
0
4
16
11
5
14
120
0
7
11
6
47
121
42
192
0
8
59
638
0
4
19
172
0
4
4
1
64
626
0
6
20
176
0
4
9
66
164
0
5
35
85
0
4
9
9
1
20
16
46
163
790
0
10
259
0
3
75
794
0
4
17
155
901
0
5
26
679
0
4
9
25
84
824
0
6
45
317
0
4
10
27
89
470
0
6
10
6
2
287
0
6
4
13
342
0
5
31
388
0
4
8
85
61
0
5
9
36
177
0
5
5
1
66
77
915
0
7
109
424
0
4
21
338
0
4
4
1
15
356
539
0
7
15
5
23
170
325
572
0
8
39
166
543
0
5
11
137
641
0
5
5
1
25
82
945
0
7
25
5
8
20
114
861
0
8
5
7
10
82
15
37
484
0
9
68
467
0
4
52
894
0
4
4
1
32
467
10
19
167
0
9
17
131
0
4
12
247
0
4
4
1
17
10
16
156
0
8
42
195
0
4
11
66
100
1233
0
6
126
0
3
164
184
0
4
13
132
0
4
4
1
29
428
0
6
17
33
533
0
5
73
0
3
22
367
0
4
17
12
52
70
308
0
7
86
1106
0
4
11
46
210
0
5
23
128
0
4
9
76
1009
0
5
9
5
2
186
0
6
43
824
206
0
5
9
11
26
219
0
6
11
5
8
84
220
734
0
8
5
7
45
223
985
0
7
5
7
2
32
122
755
0
8
15
142
1145
338
192
302
0
8
8
1
91
1353
0
6
37
155
265
0
5
26
46
73
93
498
0
7
32
31
242
0
5
12
95
644
0
5
5
1
28
384
0
6
28
4
89
274
0
6
6
1
12
19
175
0
7
29
136
0
4
15
59
355
0
5
27
295
0
4
9
97
423
0
5
9
5
2
81
406
0
7
25
234
0
4
16
192
81
10
196
0
7
11
114
242
65
1472
0
7
7
1
50
1278
0
6
55
998
0
4
24
470
338
107
1351
0
7
16
31
89
73
97
50
20
272
0
10
37
111
840
0
5
55
26
112
835
0
6
32
110
880
0
5
11
50
22
212
1072
0
7
33
224
0
4
44
1478
0
4
4
1
58
865
0
6
26
31
47
465
773
0
7
21
359
0
4
16
58
16
2
101
1162
0
8
172
471
0
4
12
135
567
0
5
49
820
0
4
9
121
495
0
5
9
5
2
25
122
207
0
8
26
45
221
806
0
6
51
745
0
4
23
266
0
4
4
1
65
129
1092
0
7
59
168
793
0
5
32
97
115
627
0
6
26
32
7
14
549
865
85
455
564
0
11
108
756
0
4
32
14
13
343
0
6
21
91
251
671
759
0
7
25
65
45
61
479
0
7
7
1
53
1397
0
6
20
159
0
4
30
877
0
4
4
1
14
35
563
0
7
20
15
237
0
5
67
1107
0
4
15
8
99
1391
0
6
30
26
72
625
0
6
6
1
28
276
0
6
5
23
106
901
574
0
7
34
1359
0
4
29
278
0
4
4
1
21
79
865
97
108
93
322
0
11
98
926
0
4
14
62
1029
0
5
34
28
40
1631
0
6
41
786
0
4
15
63
1106
426
1233
468
0
8
69
826
0
4
12
194
939
0
5
27
320
0
4
9
189
0
4
4
1
55
264
0
6
35
107
288
1512
0
6
6
1
12
27
23
85
164
501
0
10
289
0
3
486
0
3
3
1
16
247
538
1112
0
8
53
152
1089
0
5
49
243
0
4
44
285
853
0
5
9
54
1035
0
5
5
1
27
42
554
0
7
125
1172
0
4
21
119
928
0
5
15
96
1264
0
5
5
1
21
12
65
204
0
8
48
973
0
4
22
337
0
4
4
1
16
64
772
0
7
37
366
0
4
10
82
639
